<?xml version="1.0"?>
<opencv_storage>
<roi_x0>947</roi_x0>
<roi_y0>712</roi_y0>
<roi_x1>469</roi_x1>
<roi_y1>649</roi_y1>
<roi_x2>483</roi_x2>
<roi_y2>509</roi_y2>
<roi_x3>960</roi_x3>
<roi_y3>544</roi_y3>
<roi_x4>923</roi_x4>
<roi_y4>381</roi_y4>
<roi_x5>1085</roi_x5>
<roi_y5>366</roi_y5>
<roi_x6>1410</roi_x6>
<roi_y6>621</roi_y6>
<roi_x7>1693</roi_x7>
<roi_y7>646</roi_y7>
<roi_x8>1780</roi_x8>
<roi_y8>743</roi_y8>
<roi_x9>1622</roi_x9>
<roi_y9>788</roi_y9>
<roi_x10>1907</roi_x10>
<roi_y10>1003</roi_y10>
<roi_x11>1910</roi_x11>
<roi_y11>1067</roi_y11>
<roi_x12>1180</roi_x12>
<roi_y12>1067</roi_y12>
<roi_x13>1061</roi_x13>
<roi_y13>766</roi_y13>
</opencv_storage>
