<?xml version="1.0"?>
<opencv_storage>
<roi_x0>32</roi_x0>
<roi_y0>1063</roi_y0>
<roi_x1>63</roi_x1>
<roi_y1>717</roi_y1>
<roi_x2>249</roi_x2>
<roi_y2>641</roi_y2>
<roi_x3>162</roi_x3>
<roi_y3>556</roi_y3>
<roi_x4>500</roi_x4>
<roi_y4>466</roi_y4>
<roi_x5>725</roi_x5>
<roi_y5>521</roi_y5>
<roi_x6>873</roi_x6>
<roi_y6>520</roi_y6>
<roi_x7>1314</roi_x7>
<roi_y7>385</roi_y7>
<roi_x8>1434</roi_x8>
<roi_y8>355</roi_y8>
<roi_x9>1758</roi_x9>
<roi_y9>406</roi_y9>
<roi_x10>1584</roi_x10>
<roi_y10>668</roi_y10>
<roi_x11>1902</roi_x11>
<roi_y11>762</roi_y11>
<roi_x12>1899</roi_x12>
<roi_y12>1069</roi_y12>
</opencv_storage>
