<?xml version="1.0"?>
<opencv_storage>
<mat type_id="opencv-matrix">
  <rows>3</rows>
  <cols>3</cols>
  <dt>d</dt>
  <data>
    -2.5504696814414562e+000 -2.0891292413214650e+001
    4.7946967749224341e+003 -3.5541068806197465e-002
    -7.1550324753848722e+000 1.2498968108275722e+003
    -5.6336897482473229e-004 -5.9877983668700429e-003
    9.9999999999999989e-001</data></mat>
</opencv_storage>
