<?xml version="1.0"?>
<opencv_storage>
<mat type_id="opencv-matrix">
  <rows>3</rows>
  <cols>3</cols>
  <dt>d</dt>
  <data>
    -9.2854464744136778e-001 -3.3302300687287758e+000
    1.0746023290619241e+003 -3.5111236061328410e-001
    -3.5572354876471119e+000 1.8624996383260120e+003
    -4.2008794901667333e-004 -4.8179559581111656e-003
    9.9999999999999989e-001</data></mat>
</opencv_storage>
