<?xml version="1.0"?>
<opencv_storage>
<mat type_id="opencv-matrix">
  <rows>3</rows>
  <cols>3</cols>
  <dt>d</dt>
  <data>
    -2.5740686627763276e+000 7.3689184365811817e+000
    1.6967467260691490e+004 1.4912529386509298e+001
    4.0627632534745061e+001 -7.3836278607998120e+003
    2.7775898667577606e-003 6.8498578624339251e-002
    9.9999999999999989e-001</data></mat>
</opencv_storage>
