<?xml version="1.0"?>
<opencv_storage>
<mat type_id="opencv-matrix">
  <rows>3</rows>
  <cols>3</cols>
  <dt>d</dt>
  <data>
    3.1916588478220605e-002 9.1516880615989532e-003
    6.3649585782900135e+002 2.5246380190818135e-001
    2.8640118523410835e-001 1.1436075903361589e+002
    1.4232431089328016e-004 9.0136236633213472e-004 1.</data></mat>
</opencv_storage>
