<?xml version="1.0"?>
<opencv_storage>
<mat type_id="opencv-matrix">
  <rows>3</rows>
  <cols>3</cols>
  <dt>d</dt>
  <data>
    -4.1095991134162526e+000 1.7810926788274466e+002
    5.7569771485584733e+003 -3.4388830941360773e+000
    2.1315569999589989e+001 7.8394481054858625e+003
    -1.1897987933764206e-004 2.8599178326990556e-002 1.</data></mat>
</opencv_storage>
