<?xml version="1.0"?>
<opencv_storage>
<mat type_id="opencv-matrix">
  <rows>3</rows>
  <cols>3</cols>
  <dt>d</dt>
  <data>
    -1.2500474907129384e+002 -1.3729416387345482e+003
    5.3359823458514511e+004 -1.0414773242220548e+001
    -4.1676321849214929e+002 1.0282685975584769e+004
    -3.0333883091399127e-002 -3.8902696150417559e-001 1.</data></mat>
</opencv_storage>
