<?xml version="1.0"?>
<opencv_storage>
<mat type_id="opencv-matrix">
  <rows>3</rows>
  <cols>3</cols>
  <dt>d</dt>
  <data>
    -4.4575640008938267e-001 1.0578076166966859e+000
    1.2761095504515922e+003 1.9641153705316872e-001
    -1.5783340763719950e-001 1.2036408750174276e+003
    5.1286084321132787e-004 2.5284116075669077e-003 1.</data></mat>
</opencv_storage>
