<?xml version="1.0"?>
<opencv_storage>
<!--Rt1_PromenadeBlvd-->
<mat type_id="opencv-matrix">
  <rows>3</rows>
  <cols>3</cols>
  <dt>d</dt>
  <data>
    -7.7195087313515529e-002 5.0386687289300636e-001
    1.0887150112909869e+003 4.0336860344302372e-001
    9.1072559555528165e-001 8.8445104915873856e+001
    -4.9717872917073719e-005 2.3428881313416450e-003 1.</data></mat>
</opencv_storage>
