<?xml version="1.0"?>
<opencv_storage>
<mat type_id="opencv-matrix">
  <rows>3</rows>
  <cols>3</cols>
  <dt>d</dt>
  <data>
    -2.2964985375801172e-001 3.3222471451658953e+000
    1.4652423047024124e+003 3.2923995248831112e-001
    2.4624538461465075e+000 2.3243694373494935e+002
    -1.4356414896179756e-004 4.7479671671263159e-003 1.</data></mat>
</opencv_storage>
