<?xml version="1.0"?>
<opencv_storage>
<mat type_id="opencv-matrix">
  <rows>3</rows>
  <cols>3</cols>
  <dt>d</dt>
  <data>
    -6.4974147780614757e+000 -1.1799794397892528e+002
    -1.0254828310684208e+004 -1.0524557411381421e+001
    -2.9262075555648128e+001 5.8010905078975820e+003
    -4.4977301914936639e-003 -7.4627484437096672e-002 1.</data></mat>
</opencv_storage>
