<?xml version="1.0"?>
<opencv_storage>
<mat type_id="opencv-matrix">
  <rows>3</rows>
  <cols>3</cols>
  <dt>d</dt>
  <data>
    6.5472717007967240e-001 -6.4962467227811755e+000
    1.5061499383168330e+003 6.3935278438706955e-001
    -1.3034129903484963e+000 -7.9198128728581958e+002
    4.6774603566104872e-004 -6.1066874726651800e-003 1.</data></mat>
</opencv_storage>
