<?xml version="1.0"?>
<opencv_storage>
<mat type_id="opencv-matrix">
  <rows>3</rows>
  <cols>3</cols>
  <dt>d</dt>
  <data>
    -2.6751566539432359e+000 1.4097986571445443e+001
    5.4258570135459386e+003 3.9655204726516652e-001
    1.5973003204986773e+000 5.8121158209473879e+002
    -5.3306908591120486e-004 3.5970338953671172e-003 1.</data></mat>
</opencv_storage>
