<?xml version="1.0"?>
<opencv_storage>
<mat type_id="opencv-matrix">
  <rows>3</rows>
  <cols>3</cols>
  <dt>d</dt>
  <data>
    -1.0449800402229215e+000 2.3799566560198461e+001
    4.6580024892171068e+003 1.5984277378478005e+000
    7.3039496834411315e+000 -8.9551534037163765e+002
    -3.9037453037075786e-004 9.3359530945558815e-003 1.</data></mat>
</opencv_storage>
